yaw_prev ypr[0] num_rounds ypr[0] after num rounds
6.03    6.06    1   12.34
6.06    6.08    1   12.36
6.08    6.11    1   12.39
6.11    6.13    1   12.41
6.13    6.16    1   12.44
6.16    6.19    1   12.47
6.19    6.22    1   12.50
6.22    6.23    1   12.51
6.23    6.26    1   12.54
6.26    6.28    1   12.56
6.28    0.02    2   12.58
0.02    0.04    2   12.60
0.04    0.06    2   12.62
0.06    0.08    2   12.64
0.08    0.10    2   12.66
0.10    0.11    2   12.67
0.11    0.13    2   12.69
0.13    0.14    2   12.70
0.14    0.15    2   12.71
0.15    0.16    2   12.72
0.16    0.17    2   12.73
0.17    0.18    2   12.74
0.18    0.19    2   12.75
0.19    0.20    2   12.76
0.20    0.20    2   12.76
0.20    0.21    2   12.77
0.21    0.22    2   12.78
0.22    0.22    2   12.78
0.22    0.23    2   12.79
0.23    0.23    2   12.79
0.23    0.23    2   12.79
0.23    0.23    2   12.79
0.23    0.23    2   12.79
0.23    0.22    2   12.78
0.22    0.22    2   12.78
0.22    0.21    2   12.77
0.21    0.20    2   12.76
0.20    0.20    2   12.76
0.20    0.19    2   12.75
0.19    0.19    2   12.75
0.19    0.18    2   12.74
0.18    0.18    2   12.74
0.18    0.18    2   12.74
0.18    0.18    2   12.74
0.18    0.18    2   12.74
0.18    0.18    2   12.74
0.18    0.18    2   12.74
0.18    0.18    2   12.74
0.18    0.17    2   12.73
0.17    0.17    2   12.73
0.17    0.16    2   12.72
0.16    0.16    2   12.72
0.16    0.15    2   12.71
0.15    3.14    2   15.70
3.14    6.04    2   18.60
6.04    5.69    2   18.25
5.69    5.37    2   17.93
5.37    5.58    2   18.14
5.58    1.11    2   13.67
1.11    4.67    2   17.23
4.67    6.17    2   18.73
6.17    6.19    2   18.75
6.19    5.50    2   18.06
5.50    0.58    2   13.14
0.58    5.86    2   18.42
5.86    0.10    2   12.66
0.10    5.10    2   17.66
5.10    5.68    2   18.24
5.68    0.17    2   12.73
0.17    6.25    1   12.53
6.25    0.97    1   7.25
0.97    0.43    1   6.71
0.43    5.95    1   12.23
5.95    5.63    1   11.91
5.63    5.30    1   11.58
5.30    0.70    1   6.98
0.70    2.34    1   8.62
2.34    0.62    1   6.90
0.62    5.34    1   11.62
5.34    1.19    1   7.47
1.19    6.00    1   12.28
6.00    0.50    1   6.78
0.50    6.17    1   12.45
6.17    0.87    1   7.15
0.87    2.34    1   8.62
2.34    5.76    1   12.04
5.76    0.69    1   6.97
0.69    0.69    1   6.97
0.69    5.87    1   12.15
5.87    5.87    1   12.15
5.87    6.00    1   12.28
6.00    6.03    1   12.31
6.03    4.48    1   10.76
4.48    0.55    1   6.83
0.55    5.14    1   11.42
5.14    0.43    1   6.71
0.43    5.94    1   12.22
5.94    0.80    1   7.08
0.80    5.61    1   11.89
5.61    0.05    1   6.33
0.05    0.04    1   6.32
0.04    5.75    1   12.03
5.75    0.50    1   6.78
0.50    5.94    1   12.22
5.94    0.25    1   6.53
0.25    1.38    1   7.66
1.38    0.55    1   6.83
0.55    5.84    1   12.12
5.84    5.68    1   11.96
5.68    5.87    1   12.15
5.87    0.62    1   6.90
0.62    0.18    1   6.46
0.18    5.52    1   11.80
5.52    0.71    1   6.99
0.71    0.97    1   7.25
0.97    5.92    1   12.20
5.92    5.36    1   11.64
5.36    5.96    1   12.24
5.96    2.80    1   9.08
2.80    5.28    1   11.56
5.28    5.33    1   11.61
5.33    0.64    1   6.92
0.64    6.08    1   12.36
6.08    2.11    1   8.39
2.11    0.58    1   6.86
0.58    0.21    1   6.49
0.21    6.14    1   12.42
6.14    1.49    1   7.77
1.49    0.48    1   6.76
0.48    0.10    1   6.38
0.10    4.87    1   11.15
4.87    5.64    1   11.92
5.64    0.46    1   6.74
0.46    0.74    1   7.02
0.74    1.05    1   7.33
1.05    0.30    1   6.58
0.30    0.31    1   6.59
0.31    0.04    1   6.32
0.04    1.22    1   7.50
1.22    0.12    1   6.40
0.12    0.93    1   7.21
0.93    5.61    1   11.89
5.61    1.21    1   7.49
1.21    0.25    1   6.53
0.25    6.24    1   12.52
6.24    0.49    1   6.77
0.49    1.15    1   7.43
1.15    1.14    1   7.42
1.14    5.80    1   12.08
5.80    1.18    1   7.46
1.18    5.33    1   11.61
5.33    0.18    1   6.46
0.18    0.29    1   6.57
0.29    5.49    1   11.77
5.49    0.59    1   6.87
0.59    0.71    1   6.99
0.71    0.73    1   7.01
0.73    0.28    1   6.56
0.28    0.79    1   7.07
0.79    6.07    1   12.35
6.07    0.58    1   6.86
0.58    4.55    1   10.83
4.55    4.24    1   10.52
4.24    0.82    1   7.10
0.82    0.28    1   6.56
0.28    5.09    1   11.37
5.09    1.05    1   7.33
1.05    0.47    1   6.75
0.47    0.76    1   7.04
0.76    1.07    1   7.35
1.07    0.44    1   6.72
0.44    3.64    1   9.92
3.64    0.06    1   6.34
0.06    6.08    0   6.08
6.08    4.38    0   4.38
4.38    0.12    0   0.12
0.12    3.42    0   3.42
3.42    1.20    0   1.20
1.20    0.90    0   0.90
0.90    1.18    0   1.18
1.18    5.98    0   5.98
5.98    5.67    0   5.67
5.67    0.05    0   0.05
0.05    2.74    0   2.74
2.74    5.78    0   5.78
5.78    6.04    0   6.04
6.04    6.12    0   6.12
6.12    5.68    0   5.68
5.68    0.23    0   0.23
0.23    5.13    0   5.13
5.13    0.36    0   0.36
0.36    0.14    0   0.14
0.14    0.15    0   0.15
0.15    0.23    0   0.23
0.23    0.14    0   0.14
0.14    0.50    0   0.50
0.50    1.32    0   1.32
1.32    0.92    0   0.92
0.92    6.02    0   6.02
6.02    5.53    0   5.53
5.53    0.41    0   0.41
0.41    5.97    0   5.97
5.97    4.09    0   4.09
4.09    5.36    0   5.36
5.36    2.54    0   2.54
2.54    1.18    0   1.18
1.18    6.25    0   6.25
6.25    5.77    0   5.77
5.77    5.81    0   5.81
5.81    5.77    0   5.77
5.77    0.42    0   0.42
0.42    0.96    0   0.96
0.96    1.11    0   1.11
1.11    5.32    0   5.32
5.32    5.82    0   5.82
5.82    5.30    0   5.30
5.30    0.22    0   0.22
0.22    5.93    0   5.93
5.93    5.39    0   5.39
5.39    5.48    0   5.48
5.48    0.23    0   0.23
0.23    1.96    0   1.96
1.96    6.22    0   6.22
6.22    0.59    0   0.59
0.59    0.82    0   0.82
0.82    0.80    0   0.80
0.80    0.11    0   0.11
0.11    1.31    0   1.31
1.31    0.18    0   0.18
0.18    1.24    0   1.24
1.24    5.44    0   5.44
5.44    6.14    0   6.14
6.14    0.46    0   0.46
0.46    0.20    0   0.20
0.20    0.78    0   0.78
0.78    5.69    0   5.69
5.69    2.09    0   2.09
2.09    0.88    0   0.88
0.88    1.10    0   1.10
1.10    5.56    0   5.56
5.56    5.59    0   5.59
5.59    0.64    0   0.64
0.64    0.80    0   0.80
0.80    5.70    0   5.70
5.70    6.24    0   6.24
6.24    0.87    0   0.87
0.87    0.93    0   0.93
0.93    1.38    0   1.38
1.38    5.57    0   5.57
5.57    5.89    0   5.89
5.89    5.61    0   5.61
5.61    0.76    0   0.76
0.76    0.66    0   0.66
0.66    1.34    0   1.34
1.34    0.25    0   0.25
0.25    0.72    0   0.72
0.72    0.18    0   0.18
0.18    4.76    0   4.76
4.76    0.39    0   0.39
0.39    2.29    0   2.29
2.29    5.94    0   5.94
5.94    0.25    0   0.25
0.25    6.10    0   6.10
6.10    4.87    0   4.87
4.87    6.03    0   6.03
6.03    5.51    0   5.51
5.51    0.23    0   0.23
0.23    6.10    0   6.10
6.10    0.71    0   0.71
0.71    0.62    0   0.62
0.62    5.36    0   5.36
5.36    0.53    0   0.53
0.53    0.72    0   0.72
0.72    0.15    0   0.15
0.15    4.34    0   4.34
4.34    0.28    0   0.28
0.28    0.87    0   0.87
0.87    3.79    0   3.79
3.79    5.47    0   5.47
5.47    1.00    0   1.00
1.00    6.06    0   6.06
6.06    6.14    0   6.14
6.14    5.25    0   5.25
5.25    0.92    0   0.92
0.92    0.97    0   0.97
0.97    5.85    0   5.85
5.85    6.14    0   6.14
6.14    4.17    0   4.17
4.17    1.09    0   1.09
1.09    0.53    0   0.53
0.53    0.01    0   0.01
0.01    5.80    0   5.80
5.80    5.78    0   5.78
5.78    5.62    0   5.62
5.62    0.10    0   0.10
0.10    0.48    0   0.48
0.48    5.54    0   5.54
5.54    5.50    0   5.50
5.50    5.32    0   5.32
5.32    0.25    0   0.25
0.25    2.65    0   2.65
2.65    5.80    0   5.80
5.80    3.53    0   3.53
3.53    1.04    0   1.04
1.04    0.10    0   0.10
0.10    0.99    0   0.99
0.99    5.31    0   5.31
5.31    0.15    0   0.15
0.15    5.68    0   5.68
5.68    2.06    0   2.06
2.06    0.14    0   0.14
0.14    1.03    0   1.03
1.03    1.05    0   1.05
1.05    1.21    0   1.21
1.21    5.68    0   5.68
5.68    5.80    0   5.80
5.80    5.70    0   5.70
5.70    5.59    0   5.59
5.59    0.48    0   0.48
0.48    0.90    0   0.90
0.90    0.96    0   0.96
0.96    4.93    0   4.93
4.93    5.59    0   5.59
5.59    5.73    0   5.73
5.73    4.68    0   4.68
4.68    0.51    0   0.51
0.51    0.96    0   0.96
0.96    0.17    0   0.17
0.17    0.51    0   0.51
0.51    5.53    0   5.53
5.53    0.76    0   0.76
0.76    5.61    0   5.61
5.61    5.65    0   5.65
5.65    0.19    0   0.19
0.19    5.79    0   5.79
5.79    0.58    0   0.58
0.58    0.90    0   0.90
0.90    2.62    0   2.62
2.62    5.88    0   5.88
5.88    0.25    0   0.25
0.25    3.90    0   3.90
3.90    0.46    0   0.46
0.46    5.18    0   5.18
5.18    4.39    0   4.39
4.39    1.41    0   1.41
1.41    5.77    0   5.77
5.77    0.53    0   0.53
0.53    5.74    0   5.74
5.74    0.63    0   0.63
0.63    5.56    0   5.56
5.56    0.47    0   0.47
0.47    1.49    0   1.49
1.49    5.49    0   5.49
5.49    6.25    0   6.25
6.25    4.99    0   4.99
4.99    1.61    0   1.61
1.61    5.78    0   5.78
5.78    0.64    0   0.64
0.64    0.63    0   0.63
0.63    5.49    0   5.49
5.49    5.68    0   5.68
5.68    6.10    0   6.10
6.10    5.08    0   5.08
5.08    1.33    0   1.33
1.33    0.98    0   0.98
0.98    2.33    0   2.33
2.33    6.11    0   6.11
6.11    0.22    0   0.22
0.22    5.87    0   5.87
5.87    0.40    0   0.40
0.40    5.53    0   5.53
5.53    5.81    0   5.81
5.81    1.32    0   1.32
1.32    0.43    0   0.43
0.43    1.49    0   1.49
1.49    5.49    0   5.49
5.49    5.18    0   5.18
5.18    1.20    0   1.20
1.20    3.99    0   3.99
3.99    5.26    0   5.26
5.26    5.77    0   5.77
5.77    5.65    0   5.65
5.65    5.51    0   5.51
5.51    0.46    0   0.46
0.46    1.38    0   1.38
1.38    5.91    0   5.91
5.91    2.02    0   2.02
2.02    0.43    0   0.43
0.43    0.62    0   0.62
0.62    0.68    0   0.68
0.68    5.30    0   5.30
5.30    0.63    0   0.63
0.63    6.26    0   6.26
6.26    5.39    0   5.39
5.39    0.06    0   0.06
0.06    0.11    0   0.11
0.11    1.41    0   1.41
1.41    5.17    0   5.17
5.17    0.94    0   0.94
0.94    5.87    0   5.87
5.87    0.17    0   0.17
0.17    0.49    0   0.49
0.49    6.08    0   6.08
6.08    0.28    0   0.28
0.28    5.41    0   5.41
5.41    0.01    0   0.01
0.01    0.88    0   0.88
0.88    3.91    0   3.91
3.91    0.58    0   0.58
0.58    0.29    0   0.29
0.29    5.44    0   5.44
5.44    1.06    0   1.06
1.06    5.53    0   5.53
5.53    5.49    0   5.49
5.49    0.15    0   0.15
0.15    5.41    0   5.41
5.41    3.82    0   3.82
3.82    5.63    0   5.63
5.63    5.32    0   5.32
5.32    5.56    0   5.56
5.56    0.82    0   0.82
0.82    0.16    0   0.16
0.16    5.77    0   5.77
5.77    0.31    0   0.31
0.31    5.38    0   5.38
5.38    5.90    0   5.90
5.90    0.43    0   0.43
0.43    0.19    0   0.19
0.19    4.38    0   4.38
4.38    4.87    0   4.87
4.87    6.22    0   6.22
6.22    0.47    0   0.47
0.47    0.35    0   0.35
0.35    0.73    0   0.73
0.73    5.25    0   5.25
5.25    0.36    0   0.36
0.36    0.41    0   0.41
0.41    5.66    0   5.66
5.66    5.60    0   5.60
5.60    1.91    0   1.91
1.91    6.07    0   6.07
6.07    4.92    0   4.92
4.92    1.37    0   1.37
1.37    5.45    0   5.45
5.45    0.53    0   0.53
0.53    2.64    0   2.64
2.64    1.79    0   1.79
1.79    5.58    0   5.58
5.58    5.47    0   5.47
5.47    0.72    0   0.72
0.72    0.63    0   0.63
0.63    5.28    0   5.28
5.28    5.76    0   5.76
5.76    0.83    0   0.83
0.83    1.71    0   1.71
1.71    0.01    0   0.01
0.01    4.19    0   4.19
4.19    0.64    0   0.64
0.64    5.39    0   5.39
5.39    0.66    0   0.66
0.66    5.04    0   5.04
5.04    6.07    0   6.07
6.07    5.41    0   5.41
5.41    0.23    0   0.23
0.23    0.40    0   0.40
0.40    5.26    0   5.26
5.26    5.89    0   5.89
5.89    5.86    0   5.86
5.86    1.17    0   1.17
1.17    6.21    0   6.21
6.21    0.22    0   0.22
0.22    5.43    0   5.43
5.43    0.43    0   0.43
0.43    0.11    0   0.11
0.11    0.65    0   0.65
0.65    5.71    0   5.71
5.71    0.87    0   0.87
0.87    0.23    0   0.23
0.23    5.24    0   5.24
5.24    5.75    0   5.75
5.75    0.53    0   0.53
0.53    0.88    0   0.88
0.88    4.98    0   4.98
4.98    0.37    0   0.37
0.37    0.72    0   0.72
0.72    4.61    0   4.61
4.61    5.88    0   5.88
5.88    0.38    0   0.38
0.38    5.94    0   5.94
5.94    5.41    0   5.41
5.41    0.79    0   0.79
0.79    6.08    0   6.08
6.08    5.56    0   5.56
5.56    5.91    0   5.91
5.91    3.93    0   3.93
3.93    5.17    0   5.17
5.17    5.94    0   5.94
5.94    0.54    0   0.54
0.54    0.69    0   0.69
0.69    1.38    0   1.38
1.38    0.85    0   0.85
0.85    0.72    0   0.72
0.72    5.94    0   5.94
5.94    0.82    0   0.82
0.82    5.20    0   5.20
5.20    5.38    0   5.38
5.38    0.67    0   0.67
0.67    0.47    0   0.47
0.47    5.35    0   5.35
5.35    5.65    0   5.65
5.65    5.18    0   5.18
5.18    1.07    0   1.07
1.07    5.28    0   5.28
5.28    5.67    0   5.67
5.67    1.24    0   1.24
1.24    2.70    0   2.70
2.70    5.98    0   5.98
5.98    6.21    0   6.21
6.21    0.02    1   6.30
0.02    0.52    1   6.80
0.52    5.69    1   11.97
5.69    2.89    1   9.17
2.89    0.08    1   6.36
0.08    1.74    1   8.02
1.74    5.37    1   11.65
5.37    5.62    1   11.90
5.62    5.88    1   12.16
5.88    0.34    1   6.62
0.34    5.63    1   11.91
5.63    2.40    1   8.68
2.40    5.53    1   11.81
5.53    4.79    1   11.07
4.79    6.12    1   12.40
6.12    1.45    1   7.73
1.45    0.23    1   6.51
0.23    3.29    1   9.57
3.29    5.43    1   11.71
5.43    0.90    1   7.18
0.90    0.64    1   6.92
0.64    0.05    1   6.33
0.05    0.19    1   6.47
0.19    5.76    1   12.04
5.76    5.70    1   11.98
5.70    5.78    1   12.06
5.78    5.91    1   12.19
5.91    0.71    1   6.99
0.71    0.10    1   6.38
0.10    0.39    1   6.67
0.39    0.82    1   7.10
0.82    0.27    1   6.55
0.27    6.10    1   12.38
6.10    0.09    2   12.65
0.09    5.55    2   18.11
5.55    0.80    2   13.36
0.80    0.63    2   13.19
0.63    0.33    2   12.89
0.33    5.80    2   18.36
5.80    1.40    2   13.96
1.40    0.03    2   12.59
0.03    6.26    1   12.54
6.26    1.18    1   7.46
1.18    6.07    1   12.35
6.07    5.94    1   12.22
5.94    0.92    1   7.20
0.92    0.62    1   6.90
0.62    0.48    1   6.76
0.48    1.31    1   7.59
1.31    0.87    1   7.15
0.87    5.50    1   11.78
5.50    4.92    1   11.20
4.92    0.67    1   6.95
0.67    1.09    1   7.37
1.09    5.27    1   11.55
5.27    0.70    1   6.98
0.70    5.89    1   12.17
5.89    4.98    1   11.26
4.98    5.68    1   11.96
5.68    6.22    1   12.50
6.22    0.40    1   6.68
0.40    5.59    1   11.87
5.59    0.75    1   7.03
0.75    1.75    1   8.03
1.75    2.66    1   8.94
2.66    5.76    1   12.04
5.76    0.69    1   6.97
0.69    4.34    1   10.62
4.34    0.93    1   7.21
0.93    0.05    1   6.33
0.05    1.75    1   8.03
1.75    6.27    1   12.55
6.27    4.51    1   10.79
4.51    5.60    1   11.88
5.60    5.59    1   11.87
5.59    4.86    1   11.14
4.86    0.17    1   6.45
0.17    5.09    1   11.37
5.09    1.60    1   7.88
1.60    3.69    1   9.97
3.69    6.25    1   12.53
6.25    5.84    1   12.12
5.84    5.53    1   11.81
5.53    5.59    1   11.87
5.59    3.75    1   10.03
3.75    5.29    1   11.57
5.29    5.76    1   12.04
5.76    4.54    1   10.82
4.54    0.36    1   6.64
0.36    6.24    1   12.52
6.24    5.90    1   12.18
5.90    6.21    1   12.49
6.21    5.92    1   12.20
5.92    0.34    1   6.62
0.34    5.47    1   11.75
5.47    0.07    1   6.35
0.07    6.23    0   6.23
6.23    0.83    0   0.83
0.83    1.31    0   1.31
1.31    0.74    0   0.74
0.74    5.46    0   5.46
5.46    0.60    0   0.60
0.60    0.68    0   0.68
0.68    0.53    0   0.53
0.53    0.81    0   0.81
0.81    1.38    0   1.38
1.38    5.98    0   5.98
5.98    5.14    0   5.14
5.14    5.61    0   5.61
5.61    1.03    0   1.03
1.03    5.43    0   5.43
5.43    5.58    0   5.58
5.58    0.05    0   0.05
0.05    6.08    -1  -0.20
6.08    0.87    -1  -5.41
0.87    5.40    -1  -0.88
5.40    6.18    -1  -0.10
6.18    6.01    -1  -0.27
6.01    0.67    -1  -5.61
0.67    0.61    -1  -5.67
0.61    6.14    -1  -0.14
6.14    0.32    -1  -5.96
0.32    6.24    -1  -0.04
6.24    5.37    -1  -0.91
5.37    0.62    -1  -5.66
0.62    1.30    -1  -4.98
1.30    2.45    -1  -3.83
2.45    5.73    -1  -0.55
5.73    0.77    -1  -5.51
0.77    0.01    -1  -6.27
0.01    6.10    -2  -6.46
6.10    1.11    -2  -11.45
1.11    0.77    -2  -11.79
0.77    0.71    -2  -11.85
0.71    1.03    -2  -11.53
1.03    5.82    -2  -6.74
5.82    0.31    -2  -12.25
0.31    5.38    -2  -7.18
5.38    5.42    -2  -7.14
5.42    0.23    -2  -12.33
0.23    5.80    -2  -6.76
5.80    1.59    -2  -10.97
1.59    5.67    -2  -6.89
5.67    5.00    -2  -7.56
5.00    3.40    -2  -9.16
3.40    4.94    -2  -7.62
4.94    0.09    -2  -12.47
0.09    5.45    -2  -7.11
5.45    6.03    -2  -6.53
6.03    4.63    -2  -7.93
4.63    2.95    -2  -9.61
2.95    5.00    -2  -7.56
5.00    0.72    -2  -11.84
0.72    6.11    -2  -6.45
6.11    1.00    -2  -11.56
1.00    5.75    -2  -6.81
5.75    4.06    -2  -8.50
4.06    0.84    -2  -11.72
0.84    0.92    -2  -11.64
0.92    5.72    -2  -6.84
5.72    0.44    -2  -12.12
0.44    3.69    -2  -8.87
3.69    5.92    -2  -6.64
5.92    5.66    -2  -6.90
5.66    5.78    -2  -6.78
5.78    6.12    -2  -6.44
6.12    5.90    -2  -6.66
5.90    5.44    -2  -7.12
5.44    0.40    -2  -12.16
0.40    0.41    -2  -12.15
0.41    1.83    -2  -10.73
1.83    0.63    -2  -11.93
0.63    5.50    -2  -7.06
5.50    2.32    -2  -10.24
2.32    1.52    -2  -11.04
1.52    5.41    -2  -7.15
5.41    5.97    -2  -6.59
5.97    5.86    -2  -6.70
5.86    0.10    -2  -12.46
0.10    5.44    -2  -7.12
5.44    1.14    -2  -11.42
1.14    5.93    -2  -6.63
5.93    3.29    -2  -9.27
3.29    1.82    -2  -10.74
1.82    0.74    -2  -11.82
0.74    0.18    -2  -12.38
0.18    5.76    -2  -6.80
5.76    4.98    -2  -7.58
4.98    0.73    -2  -11.83
0.73    3.36    -2  -9.20
3.36    5.53    -2  -7.03
5.53    5.96    -2  -6.60
5.96    1.57    -2  -10.99
1.57    4.07    -2  -8.49
4.07    0.47    -2  -12.09
0.47    0.19    -2  -12.37
0.19    6.25    -3  -12.59
6.25    5.00    -3  -13.84
5.00    0.66    -3  -18.18
0.66    0.81    -3  -18.03
0.81    0.00    -3  -18.84
0.00    0.04    -3  -18.80
0.04    5.60    -3  -13.24
5.60    1.22    -3  -17.62
1.22    6.20    -3  -12.64
6.20    3.48    -3  -15.36
3.48    0.96    -3  -17.88
0.96    0.49    -3  -18.35
0.49    6.16    -3  -12.68
6.16    3.63    -3  -15.21
3.63    0.66    -3  -18.18
0.66    6.04    -3  -12.80
6.04    0.12    -3  -18.72
0.12    0.23    -3  -18.61
0.23    0.82    -3  -18.02
0.82    5.54    -3  -13.30
5.54    0.35    -3  -18.49
0.35    0.82    -3  -18.02
0.82    5.08    -3  -13.76
5.08    5.61    -3  -13.23
5.61    6.08    -3  -12.76
6.08    1.73    -3  -17.11
1.73    2.49    -3  -16.35
2.49    0.30    -3  -18.54
0.30    5.06    -3  -13.78
5.06    4.77    -3  -14.07
4.77    6.01    -3  -12.83
6.01    5.42    -3  -13.42
5.42    0.31    -3  -18.53
0.31    0.63    -3  -18.21
0.63    0.46    -3  -18.38
0.46    4.63    -3  -14.21
4.63    0.34    -3  -18.50
0.34    4.64    -3  -14.20
4.64    5.57    -3  -13.27
5.57    5.25    -3  -13.59
5.25    6.07    -3  -12.77
6.07    6.20    -3  -12.64
6.20    0.56    -3  -18.28
0.56    5.25    -3  -13.59
5.25    3.56    -3  -15.28
3.56    1.40    -3  -17.44
1.40    1.33    -3  -17.51
1.33    6.10    -3  -12.74
6.10    6.24    -3  -12.60
6.24    6.03    -3  -12.81
6.03    0.22    -3  -18.62
0.22    0.90    -3  -17.94
0.90    2.20    -3  -16.64
2.20    5.90    -3  -12.94
5.90    5.32    -3  -13.52
5.32    4.82    -3  -14.02
4.82    5.05    -3  -13.79
5.05    5.49    -3  -13.35
5.49    0.73    -3  -18.11
0.73    0.05    -3  -18.79
0.05    5.52    -3  -13.32
5.52    0.55    -3  -18.29
0.55    5.47    -3  -13.37
5.47    2.15    -3  -16.69
2.15    5.14    -3  -13.70
5.14    4.30    -3  -14.54
4.30    6.22    -3  -12.62
6.22    0.61    -3  -18.23
0.61    1.00    -3  -17.84
1.00    0.09    -3  -18.75
0.09    0.78    -3  -18.06
0.78    5.74    -3  -13.10
5.74    0.27    -3  -18.57
0.27    0.49    -3  -18.35
0.49    4.77    -3  -14.07
4.77    0.64    -3  -18.20
0.64    4.56    -3  -14.28
4.56    0.01    -3  -18.83
0.01    0.61    -3  -18.23
0.61    5.75    -3  -13.09
5.75    1.23    -3  -17.61
1.23    0.27    -3  -18.57
0.27    0.11    -3  -18.73
0.11    0.90    -3  -17.94
0.90    5.87    -3  -12.97
5.87    1.21    -3  -17.63
1.21    0.29    -3  -18.55
0.29    5.77    -3  -13.07
5.77    5.38    -3  -13.46
5.38    1.31    -3  -17.53
1.31    5.61    -3  -13.23
5.61    5.64    -3  -13.20
5.64    5.77    -3  -13.07
5.77    5.42    -3  -13.42
5.42    1.29    -3  -17.55
1.29    5.67    -3  -13.17
5.67    0.64    -3  -18.20
0.64    0.68    -3  -18.16
0.68    0.65    -3  -18.19
0.65    5.42    -3  -13.42
5.42    0.19    -3  -18.65
0.19    0.70    -3  -18.14
0.70    0.94    -3  -17.90
0.94    0.76    -3  -18.08
0.76    0.35    -3  -18.49
0.35    1.01    -3  -17.83
1.01    1.21    -3  -17.63
1.21    1.15    -3  -17.69
1.15    6.25    -3  -12.59
6.25    0.29    -3  -18.55
0.29    0.18    -3  -18.66
0.18    6.11    -4  -19.01
6.11    5.33    -4  -19.79
5.33    6.07    -4  -19.05
6.07    0.24    -4  -24.88
0.24    0.72    -4  -24.40
0.72    5.14    -4  -19.98
5.14    0.21    -4  -24.91
0.21    0.58    -4  -24.54
0.58    5.58    -4  -19.54
5.58    0.54    -4  -24.58
0.54    5.01    -4  -20.11
5.01    0.91    -4  -24.21
0.91    1.45    -4  -23.67
1.45    0.56    -4  -24.56
0.56    0.62    -4  -24.50
0.62    5.97    -4  -19.15
5.97    3.91    -4  -21.21
3.91    6.20    -4  -18.92
6.20    6.02    -4  -19.10
6.02    0.77    -4  -24.35
0.77    5.80    -4  -19.32
5.80    5.87    -4  -19.25
5.87    1.88    -4  -23.24
1.88    0.58    -4  -24.54
0.58    0.82    -4  -24.30
0.82    1.39    -4  -23.73
1.39    0.50    -4  -24.62
0.50    6.12    -4  -19.00
6.12    5.49    -4  -19.63
5.49    5.38    -4  -19.74
5.38    1.37    -4  -23.75
1.37    5.88    -4  -19.24
5.88    0.56    -4  -24.56
0.56    5.46    -4  -19.66
5.46    0.72    -4  -24.40
0.72    2.07    -4  -23.05
2.07    0.41    -4  -24.71
0.41    6.04    -4  -19.08
6.04    5.32    -4  -19.80
5.32    5.73    -4  -19.39
5.73    0.36    -4  -24.76
0.36    4.61    -4  -20.51
4.61    0.74    -4  -24.38
0.74    5.64    -4  -19.48
5.64    5.44    -4  -19.68
5.44    5.42    -4  -19.70
5.42    5.98    -4  -19.14
5.98    5.99    -4  -19.13
5.99    1.00    -4  -24.12
1.00    5.41    -4  -19.71
5.41    5.65    -4  -19.47
5.65    0.79    -4  -24.33
0.79    0.42    -4  -24.70
0.42    1.77    -4  -23.35
1.77    6.16    -4  -18.96
6.16    0.71    -4  -24.41
0.71    2.73    -4  -22.39
2.73    0.41    -4  -24.71
0.41    5.77    -4  -19.35
5.77    1.05    -4  -24.07
1.05    6.12    -4  -19.00
6.12    0.71    -4  -24.41
0.71    3.33    -4  -21.79
3.33    0.96    -4  -24.16
0.96    0.10    -4  -25.02
0.10    5.73    -4  -19.39
5.73    4.94    -4  -20.18
4.94    5.66    -4  -19.46
5.66    0.12    -4  -25.00
0.12    0.96    -4  -24.16
0.96    0.01    -4  -25.11
0.01    0.85    -4  -24.27
0.85    0.08    -4  -25.04
0.08    5.82    -4  -19.30
5.82    0.56    -4  -24.56
0.56    0.10    -4  -25.02
0.10    5.32    -4  -19.80
5.32    0.35    -4  -24.77
0.35    0.07    -4  -25.05
0.07    0.80    -4  -24.32
0.80    0.92    -4  -24.20
0.92    5.35    -4  -19.77
5.35    0.24    -4  -24.88
0.24    5.95    -4  -19.17
5.95    6.19    -4  -18.93
6.19    5.42    -4  -19.70
5.42    5.52    -4  -19.60
5.52    6.25    -4  -18.87
6.25    0.16    -3  -18.68
0.16    1.75    -3  -17.09
1.75    0.89    -3  -17.95
0.89    6.04    -3  -12.80
6.04    5.28    -3  -13.56
5.28    6.23    -3  -12.61
6.23    0.47    -3  -18.37
0.47    1.26    -3  -17.58
1.26    2.24    -3  -16.60
2.24    6.24    -3  -12.60
6.24    0.47    -3  -18.37
0.47    0.74    -3  -18.10
0.74    2.09    -3  -16.75
2.09    5.68    -3  -13.16
5.68    0.63    -3  -18.21
0.63    0.38    -3  -18.46
0.38    5.46    -3  -13.38
5.46    5.19    -3  -13.65
5.19    5.40    -3  -13.44
5.40    1.43    -3  -17.41
1.43    1.26    -3  -17.58
1.26    6.10    -3  -12.74
6.10    5.81    -3  -13.03
5.81    2.40    -3  -16.44
2.40    4.70    -3  -14.14
4.70    0.20    -3  -18.64
0.20    6.01    -3  -12.83
6.01    1.56    -3  -17.28
1.56    0.48    -3  -18.36
0.48    0.85    -3  -17.99
0.85    5.95    -3  -12.89
5.95    1.40    -3  -17.44
1.40    0.36    -3  -18.48
0.36    5.52    -3  -13.32
5.52    6.00    -3  -12.84
6.00    3.91    -3  -14.93
3.91    1.51    -3  -17.33
1.51    4.96    -3  -13.88
4.96    0.75    -3  -18.09
0.75    1.47    -3  -17.37
1.47    0.73    -3  -18.11
0.73    5.15    -3  -13.69
5.15    0.73    -3  -18.11
0.73    0.01    -3  -18.83
0.01    0.52    -3  -18.32
0.52    0.73    -3  -18.11
0.73    0.36    -3  -18.48
0.36    4.56    -3  -14.28
4.56    5.69    -3  -13.15
5.69    5.71    -3  -13.13
5.71    0.76    -3  -18.08
0.76    0.83    -3  -18.01
0.83    0.45    -3  -18.39
0.45    6.00    -3  -12.84
6.00    0.84    -3  -18.00
0.84    6.11    -3  -12.73
6.11    6.21    -3  -12.63
6.21    6.24    -3  -12.60
6.24    5.06    -3  -13.78
5.06    0.53    -3  -18.31
0.53    5.89    -3  -12.95
5.89    0.55    -3  -18.29
0.55    1.31    -3  -17.53
1.31    5.61    -3  -13.23
5.61    5.40    -3  -13.44
5.40    5.54    -3  -13.30
5.54    0.98    -3  -17.86
0.98    2.30    -3  -16.54
2.30    0.81    -3  -18.03
0.81    6.27    -3  -12.57
6.27    6.25    -3  -12.59
6.25    5.69    -3  -13.15
5.69    5.46    -3  -13.38
5.46    1.38    -3  -17.46
1.38    5.20    -3  -13.64
5.20    5.50    -3  -13.34
5.50    6.26    -3  -12.58
6.26    0.33    -3  -18.51
0.33    6.25    -3  -12.59
6.25    4.80    -3  -14.04
4.80    0.18    -3  -18.66
0.18    5.44    -3  -13.40
5.44    0.52    -3  -18.32
0.52    1.20    -3  -17.64
1.20    0.47    -3  -18.37
0.47    0.56    -3  -18.28
0.56    0.91    -3  -17.93
0.91    0.23    -3  -18.61
0.23    1.02    -3  -17.82
1.02    1.31    -3  -17.53
1.31    6.28    -3  -12.56
6.28    5.55    -3  -13.29
5.55    0.42    -3  -18.42
0.42    4.50    -3  -14.34
4.50    6.25    -3  -12.59
6.25    6.22    -3  -12.62
6.22    5.26    -3  -13.58
5.26    6.05    -3  -12.79
6.05    0.12    -3  -18.72
0.12    0.60    -3  -18.24
0.60    1.65    -3  -17.19
1.65    3.60    -3  -15.24
3.60    4.86    -3  -13.98
4.86    4.12    -3  -14.72
4.12    5.85    -3  -12.99
5.85    0.14    -3  -18.70
0.14    0.20    -3  -18.64
0.20    0.22    -3  -18.62
0.22    1.26    -3  -17.58
1.26    0.80    -3  -18.04
0.80    0.22    -3  -18.62
0.22    4.60    -3  -14.24
4.60    5.70    -3  -13.14
5.70    5.58    -3  -13.26
5.58    1.91    -3  -16.93
1.91    0.07    -3  -18.77
0.07    3.51    -3  -15.33
3.51    4.89    -3  -13.95
4.89    6.16    -3  -12.68
6.16    5.88    -3  -12.96
5.88    0.94    -3  -17.90
0.94    5.66    -3  -13.18
5.66    0.79    -3  -18.05
0.79    0.18    -3  -18.66
0.18    2.32    -3  -16.52
2.32    0.44    -3  -18.40
0.44    5.55    -3  -13.29
5.55    0.90    -3  -17.94
0.90    4.80    -3  -14.04
4.80    0.18    -3  -18.66
0.18    5.22    -3  -13.62
5.22    6.06    -3  -12.78
6.06    5.53    -3  -13.31
5.53    5.21    -3  -13.63
5.21    0.00    -3  -18.84
0.00    1.67    -3  -17.17
1.67    5.55    -3  -13.29
5.55    1.03    -3  -17.81
1.03    4.65    -3  -14.19
4.65    5.96    -3  -12.88
5.96    1.13    -3  -17.71
1.13    5.20    -3  -13.64
5.20    0.91    -3  -17.93
0.91    5.69    -3  -13.15
5.69    1.03    -3  -17.81
1.03    4.48    -3  -14.36
4.48    5.98    -3  -12.86
5.98    1.17    -3  -17.67
1.17    5.76    -3  -13.08
5.76    1.12    -3  -17.72
1.12    0.38    -3  -18.46
0.38    5.55    -3  -13.29
5.55    1.14    -3  -17.70
1.14    2.45    -3  -16.39
2.45    0.11    -3  -18.73
0.11    0.23    -3  -18.61
0.23    4.94    -3  -13.90
4.94    5.00    -3  -13.84
5.00    1.65    -3  -17.19
1.65    0.38    -3  -18.46
0.38    5.43    -3  -13.41
5.43    6.04    -3  -12.80
6.04    0.72    -3  -18.12
0.72    5.72    -3  -13.12
5.72    6.16    -3  -12.68
6.16    6.02    -3  -12.82
6.02    5.79    -3  -13.05
5.79    0.09    -3  -18.75
0.09    0.02    -3  -18.82
0.02    6.18    -4  -18.94
6.18    5.85    -4  -19.27
5.85    6.18    -4  -18.94
6.18    6.22    -4  -18.90
6.22    3.05    -4  -22.07
3.05    2.71    -4  -22.41
2.71    0.48    -4  -24.64
0.48    0.03    -4  -25.09
0.03    0.11    -4  -25.01
0.11    3.61    -4  -21.51
3.61    3.10    -4  -22.02
3.10    6.23    -4  -18.89
6.23    6.27    -4  -18.85
6.27    0.07    -3  -18.77
0.07    6.26    -4  -18.86
6.26    0.09    -3  -18.75
0.09    6.19    -4  -18.93
6.19    6.12    -4  -19.00
6.12    2.59    -4  -22.53
2.59    6.22    -4  -18.90
6.22    3.17    -4  -21.95
3.17    6.21    -4  -18.91
6.21    0.07    -3  -18.77
0.07    2.39    -3  -16.45
2.39    0.20    -3  -18.64
0.20    1.18    -3  -17.66
1.18    0.10    -3  -18.74
0.10    6.25    -4  -18.87
6.25    0.00    -3  -18.84
0.00    0.52    -3  -18.32
0.52    5.64    -3  -13.20
5.64    5.21    -3  -13.63
5.21    0.11    -3  -18.73
0.11    0.43    -3  -18.41
0.43    5.69    -3  -13.15
5.69    3.60    -3  -15.24
3.60    0.20    -3  -18.64
0.20    4.80    -3  -14.04
4.80    5.85    -3  -12.99
5.85    4.91    -3  -13.93
4.91    6.10    -3  -12.74
6.10    5.71    -3  -13.13
5.71    0.03    -3  -18.81
0.03    3.69    -3  -15.15
3.69    6.20    -3  -12.64
6.20    5.75    -3  -13.09
5.75    1.37    -3  -17.47
1.37    6.11    -3  -12.73
6.11    4.76    -3  -14.08
4.76    6.12    -3  -12.72
6.12    6.21    -3  -12.63
6.21    0.04    -2  -12.52
0.04    0.95    -2  -11.61
0.95    5.86    -2  -6.70
5.86    5.82    -2  -6.74
5.82    0.83    -2  -11.73
0.83    5.83    -2  -6.73
5.83    0.48    -2  -12.08
0.48    4.48    -2  -8.08
4.48    5.97    -2  -6.59
5.97    0.14    -2  -12.42
0.14    0.07    -2  -12.49
0.07    0.11    -2  -12.45
0.11    5.65    -2  -6.91
5.65    0.19    -2  -12.37
0.19    0.06    -2  -12.50
0.06    2.94    -2  -9.62
2.94    5.72    -2  -6.84
5.72    0.35    -2  -12.21
0.35    5.64    -2  -6.92
5.64    2.99    -2  -9.57
2.99    0.04    -2  -12.52
0.04    6.21    -3  -12.63
6.21    0.04    -2  -12.52
0.04    5.96    -2  -6.60
5.96    6.18    -2  -6.38
6.18    0.04    -1  -6.24
0.04    0.04    -1  -6.24
0.04    6.23    -2  -6.33
6.23    6.09    -2  -6.47
6.09    0.03    -1  -6.25
0.03    0.05    -1  -6.23
0.05    6.19    -2  -6.37
6.19    6.25    -2  -6.31
6.25    6.26    -2  -6.30
6.26    0.06    -1  -6.22
0.06    1.23    -1  -5.05
1.23    6.12    -1  -0.16
6.12    0.02    0   0.02
0.02    6.19    -1  -0.09
6.19    6.27    -1  -0.01
6.27    0.02    0   0.02
0.02    6.23    -1  -0.05
6.23    0.06    0   0.06
0.06    0.04    0   0.04
0.04    0.02    0   0.02
0.02    0.04    0   0.04
0.04    6.24    -1  -0.04
6.24    6.24    -1  -0.04
6.24    0.03    0   0.03
0.03    6.22    -1  -0.06
6.22    0.19    0   0.19
0.19    0.22    0   0.22
0.22    2.98    0   2.98
2.98    0.26    0   0.26
0.26    6.18    0   6.18
6.18    6.24    0   6.24
6.24    6.23    0   6.23
6.23    6.23    0   6.23
6.23    6.20    0   6.20
6.20    6.27    0   6.27
6.27    6.23    0   6.23
6.23    0.13    1   6.41
0.13    0.15    1   6.43
0.15    6.17    0   6.17
6.17    6.24    0   6.24
6.24    0.03    1   6.31
0.03    0.03    1   6.31
0.03    0.20    1   6.48
0.20    6.16    0   6.16
6.16    0.00    1   6.28
0.00    5.73    1   12.01
